000001001000100111
000000100101111001
000000100110011100
000000100110001101
000001000001110100
000000101111101110
000000101001011101
000000101000111001
000001110111001100
000001001111110001
000000111101010001
000001001111001110
000000011111011111
000000010010111101
000000100010000001
000000010110000100
000001000000010110
000000101111101010
000000101100011110
000000101111111001
000000111001000011
000000110111000000
000000101101111011
000000110000011101
000001110001100010
000001011100001001
000001011101011011
000001100110010101
000000011111000110
000000100100110000
000000011010101001
000000100000000101
000000100111000100
000001011001110000
000000001110111001
000000111011011011
000000100111111100
000001010000111001
000000010011111100
000000111010001010
000001000111001001
000010011011000100
000000011110110001
000001101000011011
000000010110011001
000000101010011110
000000001001100001
000000011001101001
000000110000000100
000000101000010011
000000101001001001
000000011011000110
000000101010001000
000000011110001000
000000100110101111
000000011100011111
000001000010010010
000000101101100101
000001000111001100
000000101010101110
000000010101010100
000000010001010000
000000100100101110
000000011110101101
000000111001100011
000000100011111011
000000111111100000
000000100110111010
000000110111101111
000000101010110000
000001000010111000
000000101001011100
000001100100101100
000001001110101010
000001111010010010
000001000001000010
000000100010010100
000000011011001101
000000101101011011
000000100000111111
